  0   32 255   LDA 255
  2  160 128   JZ  128
  4  128 129   JMP 129
  6  128 160   JMP 160
  8   32 255   LDA 255
 10   16 240   STA 240
 12   32 253   LDA 253
 14   16 255   STA 255
 16   32 240   LDA 240
 18   16 254   STA 254
 20   32 255   LDA 255
 22  160 120   JZ  120
 24  128   4   JMP 4
 26    0       NOP
 27    0       NOP
 28    0       NOP
 29    0       NOP
 30    0       NOP
 31    0       NOP
 32    0       NOP
 33    0       NOP
 34    0       NOP
 35    0       NOP
 36    0       NOP
 37    0       NOP
 38    0       NOP
 39    0       NOP
 40    0       NOP
 41    0       NOP
 42    0       NOP
 43    0       NOP
 44    0       NOP
 45    0       NOP
 46    0       NOP
 47    0       NOP
 48    0       NOP
 49    0       NOP
 50    0       NOP
 51    0       NOP
 52    0       NOP
 53    0       NOP
 54    0       NOP
 55    0       NOP
 56    0       NOP
 57    0       NOP
 58    0       NOP
 59    0       NOP
 60    0       NOP
 61    0       NOP
 62    0       NOP
 63    0       NOP
 64    0       NOP
 65    0       NOP
 66    0       NOP
 67    0       NOP
 68    0       NOP
 69    0       NOP
 70    0       NOP
 71    0       NOP
 72    0       NOP
 73    0       NOP
 74    0       NOP
 75    0       NOP
 76    0       NOP
 77    0       NOP
 78    0       NOP
 79    0       NOP
 80    0       NOP
 81    0       NOP
 82    0       NOP
 83    0       NOP
 84    0       NOP
 85    0       NOP
 86    0       NOP
 87    0       NOP
 88    0       NOP
 89    0       NOP
 90    0       NOP
 91    0       NOP
 92    0       NOP
 93    0       NOP
 94    0       NOP
 95    0       NOP
 96    0       NOP
 97    0       NOP
 98    0       NOP
 99    0       NOP
100    0       NOP
101    0       NOP
102    0       NOP
103    0       NOP
104    0       NOP
105    0       NOP
106    0       NOP
107    0       NOP
108    0       NOP
109    0       NOP
110    0       NOP
111    0       NOP
112    0       NOP
113    0       NOP
114    0       NOP
115    0       NOP
116    0       NOP
117    0       NOP
118    0       NOP
119    0       NOP
120   32 254   LDA 254
122  240       HLT
123    0       NOP
124    0       NOP
125    0       NOP
126    0       NOP
127    0       NOP
128  240       HLT
129   16 252   STA 252
131   32 254   LDA 254
133   16 251   STA 251
135   32 200   LDA 200
137   16 250   STA 250
139   32 251   LDA 251
141  112 252   SUB 252
143   16 251   STA 251
145   32 250   LDA 250
147   48 201   ADD 201
149   16 250   STA 250
151   32 251   LDA 251
153  160   6   JZ  6
155  144   6   JN  6
157  128 139   JMP 139
159    0       NOP
160  128 190   JMP 190
162   32 249   LDA 249
164  112 254   SUB 254
166   16 253   STA 253
168  128   8   JMP 8
170    0       NOP
171    0       NOP
172    0       NOP
173    0       NOP
174    0       NOP
175    0       NOP
176    0       NOP
177    0       NOP
178    0       NOP
179    0       NOP
180    0       NOP
181    0       NOP
182    0       NOP
183    0       NOP
184    0       NOP
185    0       NOP
186    0       NOP
187    0       NOP
188    0       NOP
189    0       NOP
190   32 200   LDA 200
192   16 249   STA 249
194   32 255   LDA 255
196   16 248   STA 248
198    0       NOP
199    0       NOP
200    0       NOP
201    1       NOP
202    0       NOP
203    0       NOP
204   32 249   LDA 249
206   48 250   ADD 250
208   16 249   STA 249
210   32 248   LDA 248
212  112 201   SUB 201
214   16 248   STA 248
216  160 162   JZ  162
218  128 204   JMP 204
220    0       NOP
221    0       NOP
222    0       NOP
223    0       NOP
224    0       NOP
225    0       NOP
226    0       NOP
227    0       NOP
228    0       NOP
229    0       NOP
230    0       NOP
231    0       NOP
232    0       NOP
233    0       NOP
234    0       NOP
235    0       NOP
236    0       NOP
237    0       NOP
238    0       NOP
239    0       NOP
240    4       NOP
241    0       NOP
242    0       NOP
243    0       NOP
244    0       NOP
245    0       NOP
246    0       NOP
247    0       NOP
248    0       NOP
249   12       NOP
250    3       NOP
251    0       NOP
252    4       NOP
253    0       NOP
254    4       NOP
255    0       NOP

128  240      
129   16      
130  252      
131   32      
132  254      
133   16      
134  251      
135   32      
136  200      
137   16      
138  250      
139   32      
140  251      
141  112      
142  252      
143   16      
144  251      
145   32      
146  250      
147   48      
148  201      
149   16      
150  250      
151   32      
152  251      
153  160      
154    6      
155  144      
156    6      
157  128      
158  139      
159    0      
160  128      
161  190      
162   32      
163  249      
164  112      
165  254      
166   16      
167  253      
168  128      
169    8      
170    0      
171    0      
172    0      
173    0      
174    0      
175    0      
176    0      
177    0      
178    0      
179    0      
180    0      
181    0      
182    0      
183    0      
184    0      
185    0      
186    0      
187    0      
188    0      
189    0      
190   32      
191  200      
192   16      
193  249      
194   32      
195  255      
196   16      
197  248      
198    0      
199    0      
200    0      
201    1      
202    0      
203    0      
204   32      
205  249      
206   48      
207  250      
208   16      
209  249      
210   32      
211  248      
212  112      
213  201      
214   16      
215  248      
216  160      
217  162      
218  128      
219  204      
220    0      
221    0      
222    0      
223    0      
224    0      
225    0      
226    0      
227    0      
228    0      
229    0      
230    0      
231    0      
232    0      
233    0      
234    0      
235    0      
236    0      
237    0      
238    0      
239    0      
240    4      
241    0      
242    0      
243    0      
244    0      
245    0      
246    0      
247    0      
248    0      
249   12      
250    3      
251    0      
252    4      
253    0      
254    4      
255    0      
